15775257
113381235
100199356
19737646
12886202
24794561
1293405921016549377
8406952
1512446430
29982444
147137170
17994406
779004722053197825
20536103
285986534
14360757
626453096
20929486
1669988136
18129606
321702263
840368463524782080
27383093
26351253
399148073
13106032
1027282955100741633
12708782
403607797
3148911811
16269666
989397451
28140707
111074974
118369820
356447127
14251443
7142142
3092016193
870671412
59391198
14172201
16943719
2715212179
1257329446991933440
466838423
17505533
3238370447
20357109
17908789
99423604
21697106
43348795
16555660
148809956
2495374746
80132462
19658506
63568158
1106274695748440064
242516347
28604626
573918122
1232114578529669120
148253220
1077717270
1096426088413253634
109184306
172442947
13058772
1684471004
226348151
186136762
34574411
1202673282945695749
580177658
3001285205
15950253
12204402
62443863
435199092
20772546
18924291
306600467
17061861
1197211147981602816
2155790227
2892290399
57107124
18423477
1190791543474413568
108095691
667713
125400908
53620969
973003309890981889
67100890
138391063
370245608
702720372613869569
2473963118
45758785
2496313908
20481498
560447680
767322241902211072
2473138729
16557092
366353448
1057418998864764929
176881385
2583951085
343270802
291814511
54311673
73244856
3003940169
12354252
14496787
356662239
1080485533359456261
452608671
18332704
732289491700875264
16372866
718175074537177088
1540026283
19847709
1542305418
1648376126
20422729
10189332
67284691
437377431
275686563
2542511330
1901546563
1049770731393843200
3428933729
15389102
79068490
1115244487
896927394652725248
23545289
159822053
485242725
134627147
21454307
22882740
1004080858691616768
894524781302865921
2362618909
4754575021
6329782
18637556
159979311
155697283
137699733
28480348
35514984
69739191
111092283
179734263
3763506026
2735591
21153958
16132611
2291759688
594287188
3254815086
237519442
288237991
7672412
1733373397
959476164862472192
104352481
2776077571
2729901036
15019816
5610932
24450019
13097242
209742512
260451506
15991218
7349082
2300525041
35149961
33746162
271295495
7475972
21903157
22142237
999040279641378816
15010324
3254857712
195125353
358558964
2898121
864940077402660866
27219164
1239696828
364059845
30328648
14717311
2405038153
16352597
16896485
4921012383
14403523
152153314
20942493
1468597909
15588148
221697345
71333692
2957802415
799830497065050112
43333274
26189050
17826679
136884860
722889928959332352
73161930
15465801
29824178
3310238405
546856060
1309531207
1035553464623947776
237825393
13969832
22698363
119955338
605804404
957021927985397760
406703177
2185771087
2327959238
730063
17564180
999720386014019584
14634211
24123755
3280037521
989836520
74836761
57194586
281571602
36771426
736251732330586112
15940736
41628783
6751642
2725095031
1564153633
776168
183762484
3260518932
64536902
485708867
28192112
21276075
93634334
241408607
1596639318
191747067
14955387
58805651
51563975
743256483798781952
27829587
22472919
17645146
43375637
976604963743842304
970777527055564800
133564736
67062286
449910357
21692297
17468528
15866188
284189894
969374525916725248
18462603
838673862
316869223
342926747
1774081
38199710
14118937
21055733
285967207
14383193
20781546
14808350
16444896
14255057
33806469
42469463
14252218
14738804
14293211
180498749
22414394
48565271
3951464178
10819662
125550892
187378947
46037741
36407807
14288691
135961252
14870804
20392581
190494215
2244340904
231577324
2312134735
2219131
14620422
2800101466
1117449589
194127451
174727347
184105793
4874452334
285967672
17018164
542109005
253073516
25485248
26522085
2559309368
2346947384
955647765408722945
263874123
13334762
1277893256
16503944
69054873
9867372
55854974
20728969
39159923
14364582
137195253
22749632
178488192
111350032
74752561
94268508
272657041
14225867
85487170
367467668
2832427459
115867318
14396074
15766927
2820347576
571241517
16058169
37360448
3885295932
403580088
31583882
4643325742
261778288
21612120
1265691013
15633539
15755211
61606208
1465430190
12419892
353786649
87945480
179632755
71400958
26512981
44765557
197208081
287010066
135922986
291797158
17011120
70252442
959539956
22653802
114491278
362069983
876178206
77795601
732289281759174656
481426151
734798360176001024
732289556704202752
732289571271008256
732289463980679170
732289349430059008
732289344128450560
732289331474239488
4128301934
1358390887
2341218373
3070180560
828303384
310100472
216621121
80190890
78680589
34092620
29923881
14622417
742360595261984768
52306538
4502936240
483921181
732289228315332608
132381735
375175038
154540108
3441513313
909487938945261568
41375456
22641783
80808008
52089924
16644593
39377554
212702867
14295486
27200835
23631339
67407500
137321763
738838580483620868
333703593
357968177
26929440
169230890
8082772
21720835
54756776
42387675
216565975
111157158
22718122
27644614
17025425
37886067
383004537
83606424
131711555
361638488
726156180
27216496
20957723
24665589
1198172599
255677210
20454382
14854143
446282241
14862020
3693071
14982804
9835252
325006942
860571720482045953
17712047
781676758932262912
268134124
27016675
29961025
732289410931122177
221197864
15548617
18005118
31240638
887064088144101376
1537015872
160644597
32481945
15492359
318588167
29833504
321908821
14140571
259948061
815752457418657794
37060788
4444965133
852973970026516480
2341888057
28488576
237014584
18864012
254894998
734878049703845888
140132486
404229246
158865775
37534644
54942688
563832265
14665560
241683668
40587476
29313885
7857672
16010788
166315104
22756947
345673106
100239061
71004085
334914120
14755464
3018765357
384104694
1470108248
2161784792
18095145
16318984
67358777
42491632
14579911
20397105
2541761226
331305552
2227275901
35594417
15112654
19783734
2313073392
2202322454
61233112
64026672
15241557
16370507
19406048
6052172
23294033
21422125
27457788
54638743
22203036
20013664
381012330
20815505
22634178
2237072911
47988626
15305496
1251901
17069513
208212889
34956825
17662849
21066460
15520326
2303861036
231183280
231579149
7401782
322741924
446536758
11147242
313343974
25533767
38110586
15045002
386170457
16898833
131352344
7305802
945891
246094083
402879516
390560621
57067678
14641813
15524328
6774892
17657657
15321268
52901089
17214675
20527006
16306615
6279192
17358263
15640662
18754015
16573941
